1.000000 -1.000000 -inf
1.000000 -0.897436 -inf
1.000000 -0.794872 -inf
1.000000 -0.692308 -inf
1.000000 -0.589744 -inf
1.000000 -0.487179 -inf
1.000000 -0.384615 -inf
1.000000 -0.282051 -inf
1.000000 -0.179487 -inf
1.000000 -0.076923 -inf
1.000000 0.025641 -inf
1.000000 0.128205 -inf
1.000000 0.230769 -inf
1.000000 0.333333 -inf
1.000000 0.435897 -inf
1.000000 0.538462 -inf
1.000000 0.641026 -inf
1.000000 0.743590 -inf
1.000000 0.846154 -inf
1.000000 0.948718 -inf
1.000000 1.051282 -inf
1.000000 1.153846 -inf
1.000000 1.256410 -inf
1.000000 1.358974 -inf
1.000000 1.461538 -inf
1.000000 1.564103 -inf
1.000000 1.666667 -inf
1.000000 1.769231 -inf
1.000000 1.871795 -inf
1.000000 1.974359 -inf
1.000000 2.076923 -inf
1.000000 2.179487 -inf
1.000000 2.282051 -inf
1.000000 2.384615 -inf
1.000000 2.487179 -inf
1.000000 2.589744 -inf
1.000000 2.692308 -inf
1.000000 2.794872 -inf
1.000000 2.897436 -inf
1.000000 3.000000 -inf
2.256410 -1.000000 -inf
2.256410 -0.897436 -inf
2.256410 -0.794872 -inf
2.256410 -0.692308 -inf
2.256410 -0.589744 -inf
2.256410 -0.487179 -inf
2.256410 -0.384615 -inf
2.256410 -0.282051 -inf
2.256410 -0.179487 -inf
2.256410 -0.076923 -inf
2.256410 0.025641 -inf
2.256410 0.128205 -inf
2.256410 0.230769 -inf
2.256410 0.333333 -inf
2.256410 0.435897 -inf
2.256410 0.538462 -inf
2.256410 0.641026 -inf
2.256410 0.743590 -inf
2.256410 0.846154 -inf
2.256410 0.948718 -inf
2.256410 1.051282 -inf
2.256410 1.153846 -inf
2.256410 1.256410 -inf
2.256410 1.358974 -inf
2.256410 1.461538 -inf
2.256410 1.564103 -inf
2.256410 1.666667 -inf
2.256410 1.769231 -inf
2.256410 1.871795 -inf
2.256410 1.974359 -inf
2.256410 2.076923 -inf
2.256410 2.179487 -inf
2.256410 2.282051 -inf
2.256410 2.384615 -inf
2.256410 2.487179 -inf
2.256410 2.589744 -inf
2.256410 2.692308 -inf
2.256410 2.794872 -inf
2.256410 2.897436 -inf
2.256410 3.000000 -inf
3.512821 -1.000000 -inf
3.512821 -0.897436 -inf
3.512821 -0.794872 -inf
3.512821 -0.692308 -inf
3.512821 -0.589744 -inf
3.512821 -0.487179 -inf
3.512821 -0.384615 -inf
3.512821 -0.282051 -inf
3.512821 -0.179487 -inf
3.512821 -0.076923 -inf
3.512821 0.025641 -inf
3.512821 0.128205 -inf
3.512821 0.230769 -inf
3.512821 0.333333 -inf
3.512821 0.435897 -inf
3.512821 0.538462 -inf
3.512821 0.641026 -inf
3.512821 0.743590 -inf
3.512821 0.846154 -inf
3.512821 0.948718 -inf
3.512821 1.051282 -inf
3.512821 1.153846 -inf
3.512821 1.256410 -inf
3.512821 1.358974 -inf
3.512821 1.461538 -inf
3.512821 1.564103 -inf
3.512821 1.666667 -inf
3.512821 1.769231 -inf
3.512821 1.871795 -inf
3.512821 1.974359 -inf
3.512821 2.076923 -inf
3.512821 2.179487 -inf
3.512821 2.282051 -inf
3.512821 2.384615 -inf
3.512821 2.487179 -inf
3.512821 2.589744 -inf
3.512821 2.692308 -inf
3.512821 2.794872 -inf
3.512821 2.897436 -inf
3.512821 3.000000 -inf
4.769231 -1.000000 -inf
4.769231 -0.897436 -inf
4.769231 -0.794872 -inf
4.769231 -0.692308 -inf
4.769231 -0.589744 -inf
4.769231 -0.487179 -inf
4.769231 -0.384615 -inf
4.769231 -0.282051 -inf
4.769231 -0.179487 -inf
4.769231 -0.076923 -inf
4.769231 0.025641 -inf
4.769231 0.128205 -inf
4.769231 0.230769 -inf
4.769231 0.333333 -inf
4.769231 0.435897 -inf
4.769231 0.538462 -inf
4.769231 0.641026 -inf
4.769231 0.743590 -inf
4.769231 0.846154 -inf
4.769231 0.948718 -inf
4.769231 1.051282 -inf
4.769231 1.153846 -inf
4.769231 1.256410 -inf
4.769231 1.358974 -inf
4.769231 1.461538 -inf
4.769231 1.564103 -inf
4.769231 1.666667 -inf
4.769231 1.769231 -inf
4.769231 1.871795 -inf
4.769231 1.974359 -inf
4.769231 2.076923 -inf
4.769231 2.179487 -inf
4.769231 2.282051 -inf
4.769231 2.384615 -inf
4.769231 2.487179 -inf
4.769231 2.589744 -inf
4.769231 2.692308 -inf
4.769231 2.794872 -inf
4.769231 2.897436 -inf
4.769231 3.000000 -inf
6.025641 -1.000000 -inf
6.025641 -0.897436 -inf
6.025641 -0.794872 -inf
6.025641 -0.692308 -inf
6.025641 -0.589744 -inf
6.025641 -0.487179 -inf
6.025641 -0.384615 -inf
6.025641 -0.282051 -inf
6.025641 -0.179487 -inf
6.025641 -0.076923 -inf
6.025641 0.025641 -inf
6.025641 0.128205 -inf
6.025641 0.230769 -inf
6.025641 0.333333 -inf
6.025641 0.435897 -inf
6.025641 0.538462 -inf
6.025641 0.641026 -inf
6.025641 0.743590 -inf
6.025641 0.846154 -inf
6.025641 0.948718 -inf
6.025641 1.051282 -inf
6.025641 1.153846 -inf
6.025641 1.256410 -inf
6.025641 1.358974 -inf
6.025641 1.461538 -inf
6.025641 1.564103 -inf
6.025641 1.666667 -inf
6.025641 1.769231 -inf
6.025641 1.871795 -inf
6.025641 1.974359 -inf
6.025641 2.076923 -inf
6.025641 2.179487 -inf
6.025641 2.282051 -inf
6.025641 2.384615 -inf
6.025641 2.487179 -inf
6.025641 2.589744 -inf
6.025641 2.692308 -inf
6.025641 2.794872 -inf
6.025641 2.897436 -inf
6.025641 3.000000 -inf
7.282051 -1.000000 -inf
7.282051 -0.897436 -inf
7.282051 -0.794872 -inf
7.282051 -0.692308 -inf
7.282051 -0.589744 -inf
7.282051 -0.487179 -inf
7.282051 -0.384615 -inf
7.282051 -0.282051 -inf
7.282051 -0.179487 -inf
7.282051 -0.076923 -inf
7.282051 0.025641 -inf
7.282051 0.128205 -inf
7.282051 0.230769 -inf
7.282051 0.333333 -inf
7.282051 0.435897 -inf
7.282051 0.538462 -inf
7.282051 0.641026 -inf
7.282051 0.743590 -inf
7.282051 0.846154 -inf
7.282051 0.948718 -inf
7.282051 1.051282 -inf
7.282051 1.153846 -inf
7.282051 1.256410 -inf
7.282051 1.358974 -inf
7.282051 1.461538 -inf
7.282051 1.564103 -inf
7.282051 1.666667 -inf
7.282051 1.769231 -inf
7.282051 1.871795 -inf
7.282051 1.974359 -inf
7.282051 2.076923 -inf
7.282051 2.179487 -inf
7.282051 2.282051 -inf
7.282051 2.384615 -inf
7.282051 2.487179 -inf
7.282051 2.589744 -inf
7.282051 2.692308 -inf
7.282051 2.794872 -inf
7.282051 2.897436 -inf
7.282051 3.000000 -inf
8.538462 -1.000000 -inf
8.538462 -0.897436 -inf
8.538462 -0.794872 -inf
8.538462 -0.692308 -inf
8.538462 -0.589744 -inf
8.538462 -0.487179 -inf
8.538462 -0.384615 -inf
8.538462 -0.282051 -inf
8.538462 -0.179487 -inf
8.538462 -0.076923 -inf
8.538462 0.025641 -inf
8.538462 0.128205 -inf
8.538462 0.230769 -inf
8.538462 0.333333 -inf
8.538462 0.435897 -inf
8.538462 0.538462 -inf
8.538462 0.641026 -inf
8.538462 0.743590 -inf
8.538462 0.846154 -inf
8.538462 0.948718 -inf
8.538462 1.051282 -inf
8.538462 1.153846 -inf
8.538462 1.256410 -inf
8.538462 1.358974 -inf
8.538462 1.461538 -inf
8.538462 1.564103 -inf
8.538462 1.666667 -inf
8.538462 1.769231 -inf
8.538462 1.871795 -inf
8.538462 1.974359 -inf
8.538462 2.076923 -inf
8.538462 2.179487 -inf
8.538462 2.282051 -inf
8.538462 2.384615 -inf
8.538462 2.487179 -inf
8.538462 2.589744 -inf
8.538462 2.692308 -inf
8.538462 2.794872 -inf
8.538462 2.897436 -inf
8.538462 3.000000 -inf
9.794872 -1.000000 -inf
9.794872 -0.897436 -inf
9.794872 -0.794872 -inf
9.794872 -0.692308 -inf
9.794872 -0.589744 -inf
9.794872 -0.487179 -inf
9.794872 -0.384615 -inf
9.794872 -0.282051 -inf
9.794872 -0.179487 -inf
9.794872 -0.076923 -inf
9.794872 0.025641 -inf
9.794872 0.128205 -inf
9.794872 0.230769 -inf
9.794872 0.333333 -inf
9.794872 0.435897 -inf
9.794872 0.538462 -inf
9.794872 0.641026 -inf
9.794872 0.743590 -inf
9.794872 0.846154 -inf
9.794872 0.948718 -inf
9.794872 1.051282 -inf
9.794872 1.153846 -inf
9.794872 1.256410 -inf
9.794872 1.358974 -inf
9.794872 1.461538 -inf
9.794872 1.564103 -inf
9.794872 1.666667 -inf
9.794872 1.769231 -inf
9.794872 1.871795 -inf
9.794872 1.974359 -inf
9.794872 2.076923 -inf
9.794872 2.179487 -inf
9.794872 2.282051 -inf
9.794872 2.384615 -inf
9.794872 2.487179 -inf
9.794872 2.589744 -inf
9.794872 2.692308 -inf
9.794872 2.794872 -inf
9.794872 2.897436 -inf
9.794872 3.000000 -inf
11.051282 -1.000000 -inf
11.051282 -0.897436 -inf
11.051282 -0.794872 -inf
11.051282 -0.692308 -inf
11.051282 -0.589744 -inf
11.051282 -0.487179 -inf
11.051282 -0.384615 -inf
11.051282 -0.282051 -inf
11.051282 -0.179487 -inf
11.051282 -0.076923 -inf
11.051282 0.025641 -inf
11.051282 0.128205 -inf
11.051282 0.230769 -inf
11.051282 0.333333 -inf
11.051282 0.435897 -inf
11.051282 0.538462 -inf
11.051282 0.641026 -inf
11.051282 0.743590 -inf
11.051282 0.846154 -inf
11.051282 0.948718 -inf
11.051282 1.051282 -inf
11.051282 1.153846 -inf
11.051282 1.256410 -inf
11.051282 1.358974 -inf
11.051282 1.461538 -inf
11.051282 1.564103 -inf
11.051282 1.666667 -inf
11.051282 1.769231 -inf
11.051282 1.871795 -inf
11.051282 1.974359 -inf
11.051282 2.076923 -inf
11.051282 2.179487 -inf
11.051282 2.282051 -inf
11.051282 2.384615 -inf
11.051282 2.487179 -inf
11.051282 2.589744 -inf
11.051282 2.692308 -inf
11.051282 2.794872 -inf
11.051282 2.897436 -inf
11.051282 3.000000 -inf
12.307692 -1.000000 -inf
12.307692 -0.897436 -inf
12.307692 -0.794872 -inf
12.307692 -0.692308 -inf
12.307692 -0.589744 -inf
12.307692 -0.487179 -inf
12.307692 -0.384615 -inf
12.307692 -0.282051 -inf
12.307692 -0.179487 -inf
12.307692 -0.076923 -inf
12.307692 0.025641 -inf
12.307692 0.128205 -inf
12.307692 0.230769 -inf
12.307692 0.333333 -inf
12.307692 0.435897 -inf
12.307692 0.538462 -inf
12.307692 0.641026 -inf
12.307692 0.743590 -inf
12.307692 0.846154 -inf
12.307692 0.948718 -inf
12.307692 1.051282 -inf
12.307692 1.153846 -inf
12.307692 1.256410 -inf
12.307692 1.358974 -inf
12.307692 1.461538 -inf
12.307692 1.564103 -inf
12.307692 1.666667 -inf
12.307692 1.769231 -inf
12.307692 1.871795 -inf
12.307692 1.974359 -inf
12.307692 2.076923 -inf
12.307692 2.179487 -inf
12.307692 2.282051 -inf
12.307692 2.384615 -inf
12.307692 2.487179 -inf
12.307692 2.589744 -inf
12.307692 2.692308 -inf
12.307692 2.794872 -inf
12.307692 2.897436 -inf
12.307692 3.000000 -inf
13.564103 -1.000000 -inf
13.564103 -0.897436 -inf
13.564103 -0.794872 -inf
13.564103 -0.692308 -inf
13.564103 -0.589744 -inf
13.564103 -0.487179 -inf
13.564103 -0.384615 -inf
13.564103 -0.282051 -inf
13.564103 -0.179487 -inf
13.564103 -0.076923 -inf
13.564103 0.025641 -inf
13.564103 0.128205 -inf
13.564103 0.230769 -inf
13.564103 0.333333 -inf
13.564103 0.435897 -inf
13.564103 0.538462 -inf
13.564103 0.641026 -inf
13.564103 0.743590 -inf
13.564103 0.846154 -inf
13.564103 0.948718 -inf
13.564103 1.051282 -inf
13.564103 1.153846 -inf
13.564103 1.256410 -inf
13.564103 1.358974 -inf
13.564103 1.461538 -inf
13.564103 1.564103 -inf
13.564103 1.666667 -inf
13.564103 1.769231 -inf
13.564103 1.871795 -inf
13.564103 1.974359 -inf
13.564103 2.076923 -inf
13.564103 2.179487 -inf
13.564103 2.282051 -inf
13.564103 2.384615 -inf
13.564103 2.487179 -inf
13.564103 2.589744 -inf
13.564103 2.692308 -inf
13.564103 2.794872 -inf
13.564103 2.897436 -inf
13.564103 3.000000 -inf
14.820513 -1.000000 -inf
14.820513 -0.897436 -inf
14.820513 -0.794872 -inf
14.820513 -0.692308 -inf
14.820513 -0.589744 -inf
14.820513 -0.487179 -inf
14.820513 -0.384615 -inf
14.820513 -0.282051 -inf
14.820513 -0.179487 -inf
14.820513 -0.076923 -inf
14.820513 0.025641 -inf
14.820513 0.128205 -inf
14.820513 0.230769 -inf
14.820513 0.333333 -inf
14.820513 0.435897 -inf
14.820513 0.538462 -inf
14.820513 0.641026 -inf
14.820513 0.743590 -inf
14.820513 0.846154 -inf
14.820513 0.948718 -inf
14.820513 1.051282 -inf
14.820513 1.153846 -inf
14.820513 1.256410 -inf
14.820513 1.358974 -inf
14.820513 1.461538 -inf
14.820513 1.564103 -inf
14.820513 1.666667 -inf
14.820513 1.769231 -inf
14.820513 1.871795 -inf
14.820513 1.974359 -inf
14.820513 2.076923 -inf
14.820513 2.179487 -inf
14.820513 2.282051 -inf
14.820513 2.384615 -inf
14.820513 2.487179 -inf
14.820513 2.589744 -inf
14.820513 2.692308 -inf
14.820513 2.794872 -inf
14.820513 2.897436 -inf
14.820513 3.000000 -inf
16.076923 -1.000000 -inf
16.076923 -0.897436 -inf
16.076923 -0.794872 -inf
16.076923 -0.692308 -inf
16.076923 -0.589744 -inf
16.076923 -0.487179 -inf
16.076923 -0.384615 -inf
16.076923 -0.282051 -inf
16.076923 -0.179487 -inf
16.076923 -0.076923 -inf
16.076923 0.025641 -inf
16.076923 0.128205 -inf
16.076923 0.230769 -inf
16.076923 0.333333 -inf
16.076923 0.435897 -inf
16.076923 0.538462 -inf
16.076923 0.641026 -inf
16.076923 0.743590 -inf
16.076923 0.846154 -inf
16.076923 0.948718 -inf
16.076923 1.051282 -inf
16.076923 1.153846 -inf
16.076923 1.256410 -inf
16.076923 1.358974 -inf
16.076923 1.461538 -inf
16.076923 1.564103 -inf
16.076923 1.666667 -inf
16.076923 1.769231 -inf
16.076923 1.871795 -inf
16.076923 1.974359 -inf
16.076923 2.076923 -inf
16.076923 2.179487 -inf
16.076923 2.282051 -inf
16.076923 2.384615 -inf
16.076923 2.487179 -inf
16.076923 2.589744 -inf
16.076923 2.692308 -inf
16.076923 2.794872 -inf
16.076923 2.897436 -inf
16.076923 3.000000 -inf
17.333333 -1.000000 -inf
17.333333 -0.897436 -inf
17.333333 -0.794872 -inf
17.333333 -0.692308 -inf
17.333333 -0.589744 -inf
17.333333 -0.487179 -inf
17.333333 -0.384615 -inf
17.333333 -0.282051 -inf
17.333333 -0.179487 -inf
17.333333 -0.076923 -inf
17.333333 0.025641 -inf
17.333333 0.128205 -inf
17.333333 0.230769 -inf
17.333333 0.333333 -inf
17.333333 0.435897 -inf
17.333333 0.538462 -inf
17.333333 0.641026 -inf
17.333333 0.743590 -inf
17.333333 0.846154 -inf
17.333333 0.948718 -inf
17.333333 1.051282 -inf
17.333333 1.153846 -inf
17.333333 1.256410 -inf
17.333333 1.358974 -inf
17.333333 1.461538 -inf
17.333333 1.564103 -inf
17.333333 1.666667 -inf
17.333333 1.769231 -inf
17.333333 1.871795 -inf
17.333333 1.974359 -inf
17.333333 2.076923 -inf
17.333333 2.179487 -inf
17.333333 2.282051 -inf
17.333333 2.384615 -inf
17.333333 2.487179 -inf
17.333333 2.589744 -inf
17.333333 2.692308 -inf
17.333333 2.794872 -inf
17.333333 2.897436 -inf
17.333333 3.000000 -inf
18.589744 -1.000000 -inf
18.589744 -0.897436 -inf
18.589744 -0.794872 -inf
18.589744 -0.692308 -inf
18.589744 -0.589744 -inf
18.589744 -0.487179 -inf
18.589744 -0.384615 -inf
18.589744 -0.282051 -inf
18.589744 -0.179487 -inf
18.589744 -0.076923 -inf
18.589744 0.025641 -inf
18.589744 0.128205 -inf
18.589744 0.230769 -inf
18.589744 0.333333 -inf
18.589744 0.435897 -inf
18.589744 0.538462 -inf
18.589744 0.641026 -inf
18.589744 0.743590 -inf
18.589744 0.846154 -inf
18.589744 0.948718 -inf
18.589744 1.051282 -inf
18.589744 1.153846 -inf
18.589744 1.256410 -inf
18.589744 1.358974 -inf
18.589744 1.461538 -inf
18.589744 1.564103 -inf
18.589744 1.666667 -inf
18.589744 1.769231 -inf
18.589744 1.871795 -inf
18.589744 1.974359 -inf
18.589744 2.076923 -inf
18.589744 2.179487 -inf
18.589744 2.282051 -inf
18.589744 2.384615 -inf
18.589744 2.487179 -inf
18.589744 2.589744 -inf
18.589744 2.692308 -inf
18.589744 2.794872 -inf
18.589744 2.897436 -inf
18.589744 3.000000 -inf
19.846154 -1.000000 -inf
19.846154 -0.897436 -inf
19.846154 -0.794872 -inf
19.846154 -0.692308 -inf
19.846154 -0.589744 -inf
19.846154 -0.487179 -inf
19.846154 -0.384615 -inf
19.846154 -0.282051 -inf
19.846154 -0.179487 -inf
19.846154 -0.076923 -inf
19.846154 0.025641 -inf
19.846154 0.128205 -inf
19.846154 0.230769 -inf
19.846154 0.333333 -inf
19.846154 0.435897 -inf
19.846154 0.538462 -inf
19.846154 0.641026 -inf
19.846154 0.743590 -inf
19.846154 0.846154 -inf
19.846154 0.948718 -inf
19.846154 1.051282 -inf
19.846154 1.153846 -inf
19.846154 1.256410 -inf
19.846154 1.358974 -inf
19.846154 1.461538 -inf
19.846154 1.564103 -inf
19.846154 1.666667 -inf
19.846154 1.769231 -inf
19.846154 1.871795 -inf
19.846154 1.974359 -inf
19.846154 2.076923 -inf
19.846154 2.179487 -inf
19.846154 2.282051 -inf
19.846154 2.384615 -inf
19.846154 2.487179 -inf
19.846154 2.589744 -inf
19.846154 2.692308 -inf
19.846154 2.794872 -inf
19.846154 2.897436 -inf
19.846154 3.000000 -inf
21.102564 -1.000000 -inf
21.102564 -0.897436 -inf
21.102564 -0.794872 -inf
21.102564 -0.692308 -inf
21.102564 -0.589744 -inf
21.102564 -0.487179 -inf
21.102564 -0.384615 -inf
21.102564 -0.282051 -inf
21.102564 -0.179487 -inf
21.102564 -0.076923 -inf
21.102564 0.025641 -inf
21.102564 0.128205 -inf
21.102564 0.230769 -inf
21.102564 0.333333 -inf
21.102564 0.435897 -inf
21.102564 0.538462 -inf
21.102564 0.641026 -inf
21.102564 0.743590 -inf
21.102564 0.846154 -inf
21.102564 0.948718 -inf
21.102564 1.051282 -inf
21.102564 1.153846 -inf
21.102564 1.256410 -inf
21.102564 1.358974 -inf
21.102564 1.461538 -inf
21.102564 1.564103 -inf
21.102564 1.666667 -inf
21.102564 1.769231 -inf
21.102564 1.871795 -inf
21.102564 1.974359 -inf
21.102564 2.076923 -inf
21.102564 2.179487 -inf
21.102564 2.282051 -inf
21.102564 2.384615 -inf
21.102564 2.487179 -inf
21.102564 2.589744 -inf
21.102564 2.692308 -inf
21.102564 2.794872 -inf
21.102564 2.897436 -inf
21.102564 3.000000 -inf
22.358974 -1.000000 -inf
22.358974 -0.897436 -inf
22.358974 -0.794872 -inf
22.358974 -0.692308 -inf
22.358974 -0.589744 -inf
22.358974 -0.487179 -inf
22.358974 -0.384615 -inf
22.358974 -0.282051 -inf
22.358974 -0.179487 -inf
22.358974 -0.076923 -inf
22.358974 0.025641 -inf
22.358974 0.128205 -inf
22.358974 0.230769 -inf
22.358974 0.333333 -inf
22.358974 0.435897 -inf
22.358974 0.538462 -inf
22.358974 0.641026 -inf
22.358974 0.743590 -inf
22.358974 0.846154 -inf
22.358974 0.948718 -inf
22.358974 1.051282 -inf
22.358974 1.153846 -inf
22.358974 1.256410 -inf
22.358974 1.358974 -inf
22.358974 1.461538 -inf
22.358974 1.564103 -inf
22.358974 1.666667 -inf
22.358974 1.769231 -inf
22.358974 1.871795 -inf
22.358974 1.974359 -inf
22.358974 2.076923 -inf
22.358974 2.179487 -inf
22.358974 2.282051 -inf
22.358974 2.384615 -inf
22.358974 2.487179 -inf
22.358974 2.589744 -inf
22.358974 2.692308 -inf
22.358974 2.794872 -inf
22.358974 2.897436 -inf
22.358974 3.000000 -inf
23.615385 -1.000000 -inf
23.615385 -0.897436 -inf
23.615385 -0.794872 -inf
23.615385 -0.692308 -inf
23.615385 -0.589744 -inf
23.615385 -0.487179 -inf
23.615385 -0.384615 -inf
23.615385 -0.282051 -inf
23.615385 -0.179487 -inf
23.615385 -0.076923 -inf
23.615385 0.025641 -inf
23.615385 0.128205 -inf
23.615385 0.230769 -inf
23.615385 0.333333 -inf
23.615385 0.435897 -inf
23.615385 0.538462 -inf
23.615385 0.641026 -inf
23.615385 0.743590 -inf
23.615385 0.846154 -inf
23.615385 0.948718 -inf
23.615385 1.051282 -inf
23.615385 1.153846 -inf
23.615385 1.256410 -inf
23.615385 1.358974 -inf
23.615385 1.461538 -inf
23.615385 1.564103 -inf
23.615385 1.666667 -inf
23.615385 1.769231 -inf
23.615385 1.871795 -inf
23.615385 1.974359 -inf
23.615385 2.076923 -inf
23.615385 2.179487 -inf
23.615385 2.282051 -inf
23.615385 2.384615 -inf
23.615385 2.487179 -inf
23.615385 2.589744 -inf
23.615385 2.692308 -inf
23.615385 2.794872 -inf
23.615385 2.897436 -inf
23.615385 3.000000 -inf
24.871795 -1.000000 -inf
24.871795 -0.897436 -inf
24.871795 -0.794872 -inf
24.871795 -0.692308 -inf
24.871795 -0.589744 -inf
24.871795 -0.487179 -inf
24.871795 -0.384615 -inf
24.871795 -0.282051 -inf
24.871795 -0.179487 -inf
24.871795 -0.076923 -inf
24.871795 0.025641 -inf
24.871795 0.128205 -inf
24.871795 0.230769 -inf
24.871795 0.333333 -inf
24.871795 0.435897 -inf
24.871795 0.538462 -inf
24.871795 0.641026 -inf
24.871795 0.743590 -inf
24.871795 0.846154 -inf
24.871795 0.948718 -inf
24.871795 1.051282 -inf
24.871795 1.153846 -inf
24.871795 1.256410 -inf
24.871795 1.358974 -inf
24.871795 1.461538 -inf
24.871795 1.564103 -inf
24.871795 1.666667 -inf
24.871795 1.769231 -inf
24.871795 1.871795 -inf
24.871795 1.974359 -inf
24.871795 2.076923 -inf
24.871795 2.179487 -inf
24.871795 2.282051 -inf
24.871795 2.384615 -inf
24.871795 2.487179 -inf
24.871795 2.589744 -inf
24.871795 2.692308 -inf
24.871795 2.794872 -inf
24.871795 2.897436 -inf
24.871795 3.000000 -inf
26.128205 -1.000000 -inf
26.128205 -0.897436 -inf
26.128205 -0.794872 -inf
26.128205 -0.692308 -inf
26.128205 -0.589744 -inf
26.128205 -0.487179 -inf
26.128205 -0.384615 -inf
26.128205 -0.282051 -inf
26.128205 -0.179487 -inf
26.128205 -0.076923 -inf
26.128205 0.025641 -inf
26.128205 0.128205 -inf
26.128205 0.230769 -inf
26.128205 0.333333 -inf
26.128205 0.435897 -inf
26.128205 0.538462 -inf
26.128205 0.641026 -inf
26.128205 0.743590 -inf
26.128205 0.846154 -inf
26.128205 0.948718 -inf
26.128205 1.051282 -inf
26.128205 1.153846 -inf
26.128205 1.256410 -inf
26.128205 1.358974 -inf
26.128205 1.461538 -inf
26.128205 1.564103 -inf
26.128205 1.666667 -inf
26.128205 1.769231 -inf
26.128205 1.871795 -inf
26.128205 1.974359 -inf
26.128205 2.076923 -inf
26.128205 2.179487 -inf
26.128205 2.282051 -inf
26.128205 2.384615 -inf
26.128205 2.487179 -inf
26.128205 2.589744 -inf
26.128205 2.692308 -inf
26.128205 2.794872 -inf
26.128205 2.897436 -inf
26.128205 3.000000 -inf
27.384615 -1.000000 -inf
27.384615 -0.897436 -inf
27.384615 -0.794872 -inf
27.384615 -0.692308 -inf
27.384615 -0.589744 -inf
27.384615 -0.487179 -inf
27.384615 -0.384615 -inf
27.384615 -0.282051 -inf
27.384615 -0.179487 -inf
27.384615 -0.076923 -inf
27.384615 0.025641 -inf
27.384615 0.128205 -inf
27.384615 0.230769 -inf
27.384615 0.333333 -inf
27.384615 0.435897 -inf
27.384615 0.538462 -inf
27.384615 0.641026 -inf
27.384615 0.743590 -inf
27.384615 0.846154 -inf
27.384615 0.948718 -inf
27.384615 1.051282 -inf
27.384615 1.153846 -inf
27.384615 1.256410 -inf
27.384615 1.358974 -inf
27.384615 1.461538 -inf
27.384615 1.564103 -inf
27.384615 1.666667 -inf
27.384615 1.769231 -inf
27.384615 1.871795 -inf
27.384615 1.974359 -inf
27.384615 2.076923 -inf
27.384615 2.179487 -inf
27.384615 2.282051 -inf
27.384615 2.384615 -inf
27.384615 2.487179 -inf
27.384615 2.589744 -inf
27.384615 2.692308 -inf
27.384615 2.794872 -inf
27.384615 2.897436 -inf
27.384615 3.000000 -inf
28.641026 -1.000000 -inf
28.641026 -0.897436 -inf
28.641026 -0.794872 -inf
28.641026 -0.692308 -inf
28.641026 -0.589744 -inf
28.641026 -0.487179 -inf
28.641026 -0.384615 -inf
28.641026 -0.282051 -inf
28.641026 -0.179487 -inf
28.641026 -0.076923 -inf
28.641026 0.025641 -inf
28.641026 0.128205 -inf
28.641026 0.230769 -inf
28.641026 0.333333 -inf
28.641026 0.435897 -inf
28.641026 0.538462 -inf
28.641026 0.641026 -inf
28.641026 0.743590 -inf
28.641026 0.846154 -inf
28.641026 0.948718 -inf
28.641026 1.051282 -inf
28.641026 1.153846 -inf
28.641026 1.256410 -inf
28.641026 1.358974 -inf
28.641026 1.461538 -inf
28.641026 1.564103 -inf
28.641026 1.666667 -inf
28.641026 1.769231 -inf
28.641026 1.871795 -inf
28.641026 1.974359 -inf
28.641026 2.076923 -inf
28.641026 2.179487 -inf
28.641026 2.282051 -inf
28.641026 2.384615 -inf
28.641026 2.487179 -inf
28.641026 2.589744 -inf
28.641026 2.692308 -inf
28.641026 2.794872 -inf
28.641026 2.897436 -inf
28.641026 3.000000 -inf
29.897436 -1.000000 -inf
29.897436 -0.897436 -inf
29.897436 -0.794872 -inf
29.897436 -0.692308 -inf
29.897436 -0.589744 -inf
29.897436 -0.487179 -inf
29.897436 -0.384615 -inf
29.897436 -0.282051 -inf
29.897436 -0.179487 -inf
29.897436 -0.076923 -inf
29.897436 0.025641 -inf
29.897436 0.128205 -inf
29.897436 0.230769 -inf
29.897436 0.333333 -inf
29.897436 0.435897 -inf
29.897436 0.538462 -inf
29.897436 0.641026 -inf
29.897436 0.743590 -inf
29.897436 0.846154 -inf
29.897436 0.948718 -inf
29.897436 1.051282 -inf
29.897436 1.153846 -inf
29.897436 1.256410 -inf
29.897436 1.358974 -inf
29.897436 1.461538 -inf
29.897436 1.564103 -inf
29.897436 1.666667 -inf
29.897436 1.769231 -inf
29.897436 1.871795 -inf
29.897436 1.974359 -inf
29.897436 2.076923 -inf
29.897436 2.179487 -inf
29.897436 2.282051 -inf
29.897436 2.384615 -inf
29.897436 2.487179 -inf
29.897436 2.589744 -inf
29.897436 2.692308 -inf
29.897436 2.794872 -inf
29.897436 2.897436 -inf
29.897436 3.000000 -inf
31.153846 -1.000000 -inf
31.153846 -0.897436 -inf
31.153846 -0.794872 -inf
31.153846 -0.692308 -inf
31.153846 -0.589744 -inf
31.153846 -0.487179 -inf
31.153846 -0.384615 -inf
31.153846 -0.282051 -inf
31.153846 -0.179487 -inf
31.153846 -0.076923 -inf
31.153846 0.025641 -inf
31.153846 0.128205 -inf
31.153846 0.230769 -inf
31.153846 0.333333 -inf
31.153846 0.435897 -inf
31.153846 0.538462 -inf
31.153846 0.641026 -inf
31.153846 0.743590 -inf
31.153846 0.846154 -inf
31.153846 0.948718 -inf
31.153846 1.051282 -inf
31.153846 1.153846 -inf
31.153846 1.256410 -inf
31.153846 1.358974 -inf
31.153846 1.461538 -inf
31.153846 1.564103 -inf
31.153846 1.666667 -inf
31.153846 1.769231 -inf
31.153846 1.871795 -inf
31.153846 1.974359 -inf
31.153846 2.076923 -inf
31.153846 2.179487 -inf
31.153846 2.282051 -inf
31.153846 2.384615 -inf
31.153846 2.487179 -inf
31.153846 2.589744 -inf
31.153846 2.692308 -inf
31.153846 2.794872 -inf
31.153846 2.897436 -inf
31.153846 3.000000 -inf
32.410256 -1.000000 -inf
32.410256 -0.897436 -inf
32.410256 -0.794872 -inf
32.410256 -0.692308 -inf
32.410256 -0.589744 -inf
32.410256 -0.487179 -inf
32.410256 -0.384615 -inf
32.410256 -0.282051 -inf
32.410256 -0.179487 -inf
32.410256 -0.076923 -inf
32.410256 0.025641 -inf
32.410256 0.128205 -inf
32.410256 0.230769 -inf
32.410256 0.333333 -inf
32.410256 0.435897 -inf
32.410256 0.538462 -inf
32.410256 0.641026 -inf
32.410256 0.743590 -inf
32.410256 0.846154 -inf
32.410256 0.948718 -inf
32.410256 1.051282 -inf
32.410256 1.153846 -inf
32.410256 1.256410 -inf
32.410256 1.358974 -inf
32.410256 1.461538 -inf
32.410256 1.564103 -inf
32.410256 1.666667 -inf
32.410256 1.769231 -inf
32.410256 1.871795 -inf
32.410256 1.974359 -inf
32.410256 2.076923 -inf
32.410256 2.179487 -inf
32.410256 2.282051 -inf
32.410256 2.384615 -inf
32.410256 2.487179 -inf
32.410256 2.589744 -inf
32.410256 2.692308 -inf
32.410256 2.794872 -inf
32.410256 2.897436 -inf
32.410256 3.000000 -inf
33.666667 -1.000000 -inf
33.666667 -0.897436 -inf
33.666667 -0.794872 -inf
33.666667 -0.692308 -inf
33.666667 -0.589744 -inf
33.666667 -0.487179 -inf
33.666667 -0.384615 -inf
33.666667 -0.282051 -inf
33.666667 -0.179487 -inf
33.666667 -0.076923 -inf
33.666667 0.025641 -inf
33.666667 0.128205 -inf
33.666667 0.230769 -inf
33.666667 0.333333 -inf
33.666667 0.435897 -inf
33.666667 0.538462 -inf
33.666667 0.641026 -inf
33.666667 0.743590 -inf
33.666667 0.846154 -inf
33.666667 0.948718 -inf
33.666667 1.051282 -inf
33.666667 1.153846 -inf
33.666667 1.256410 -inf
33.666667 1.358974 -inf
33.666667 1.461538 -inf
33.666667 1.564103 -inf
33.666667 1.666667 -inf
33.666667 1.769231 -inf
33.666667 1.871795 -inf
33.666667 1.974359 -inf
33.666667 2.076923 -inf
33.666667 2.179487 -inf
33.666667 2.282051 -inf
33.666667 2.384615 -inf
33.666667 2.487179 -inf
33.666667 2.589744 -inf
33.666667 2.692308 -inf
33.666667 2.794872 -inf
33.666667 2.897436 -inf
33.666667 3.000000 -inf
34.923077 -1.000000 -inf
34.923077 -0.897436 -inf
34.923077 -0.794872 -inf
34.923077 -0.692308 -inf
34.923077 -0.589744 -inf
34.923077 -0.487179 -inf
34.923077 -0.384615 -inf
34.923077 -0.282051 -inf
34.923077 -0.179487 -inf
34.923077 -0.076923 -inf
34.923077 0.025641 -inf
34.923077 0.128205 -inf
34.923077 0.230769 -inf
34.923077 0.333333 -inf
34.923077 0.435897 -inf
34.923077 0.538462 -inf
34.923077 0.641026 -inf
34.923077 0.743590 -inf
34.923077 0.846154 -inf
34.923077 0.948718 -inf
34.923077 1.051282 -inf
34.923077 1.153846 -inf
34.923077 1.256410 -inf
34.923077 1.358974 -inf
34.923077 1.461538 -inf
34.923077 1.564103 -inf
34.923077 1.666667 -inf
34.923077 1.769231 -inf
34.923077 1.871795 -inf
34.923077 1.974359 -inf
34.923077 2.076923 -inf
34.923077 2.179487 -inf
34.923077 2.282051 -inf
34.923077 2.384615 -inf
34.923077 2.487179 -inf
34.923077 2.589744 -inf
34.923077 2.692308 -inf
34.923077 2.794872 -inf
34.923077 2.897436 -inf
34.923077 3.000000 -inf
36.179487 -1.000000 -inf
36.179487 -0.897436 -inf
36.179487 -0.794872 -inf
36.179487 -0.692308 -inf
36.179487 -0.589744 -inf
36.179487 -0.487179 -inf
36.179487 -0.384615 -inf
36.179487 -0.282051 -inf
36.179487 -0.179487 -inf
36.179487 -0.076923 -inf
36.179487 0.025641 -inf
36.179487 0.128205 -inf
36.179487 0.230769 -inf
36.179487 0.333333 -inf
36.179487 0.435897 -inf
36.179487 0.538462 -inf
36.179487 0.641026 -inf
36.179487 0.743590 -inf
36.179487 0.846154 -inf
36.179487 0.948718 -inf
36.179487 1.051282 -inf
36.179487 1.153846 -inf
36.179487 1.256410 -inf
36.179487 1.358974 -inf
36.179487 1.461538 -inf
36.179487 1.564103 -inf
36.179487 1.666667 -inf
36.179487 1.769231 -inf
36.179487 1.871795 -inf
36.179487 1.974359 -inf
36.179487 2.076923 -inf
36.179487 2.179487 -inf
36.179487 2.282051 -inf
36.179487 2.384615 -inf
36.179487 2.487179 -inf
36.179487 2.589744 -inf
36.179487 2.692308 -inf
36.179487 2.794872 -inf
36.179487 2.897436 -inf
36.179487 3.000000 -inf
37.435897 -1.000000 -inf
37.435897 -0.897436 -inf
37.435897 -0.794872 -inf
37.435897 -0.692308 -inf
37.435897 -0.589744 -inf
37.435897 -0.487179 -inf
37.435897 -0.384615 -inf
37.435897 -0.282051 -inf
37.435897 -0.179487 -inf
37.435897 -0.076923 -inf
37.435897 0.025641 -inf
37.435897 0.128205 -inf
37.435897 0.230769 -inf
37.435897 0.333333 -inf
37.435897 0.435897 -inf
37.435897 0.538462 -inf
37.435897 0.641026 -inf
37.435897 0.743590 -inf
37.435897 0.846154 -inf
37.435897 0.948718 -inf
37.435897 1.051282 -inf
37.435897 1.153846 -inf
37.435897 1.256410 -inf
37.435897 1.358974 -inf
37.435897 1.461538 -inf
37.435897 1.564103 -inf
37.435897 1.666667 -inf
37.435897 1.769231 -inf
37.435897 1.871795 -inf
37.435897 1.974359 -inf
37.435897 2.076923 -inf
37.435897 2.179487 -inf
37.435897 2.282051 -inf
37.435897 2.384615 -inf
37.435897 2.487179 -inf
37.435897 2.589744 -inf
37.435897 2.692308 -inf
37.435897 2.794872 -inf
37.435897 2.897436 -inf
37.435897 3.000000 -inf
38.692308 -1.000000 -inf
38.692308 -0.897436 -inf
38.692308 -0.794872 -inf
38.692308 -0.692308 -inf
38.692308 -0.589744 -inf
38.692308 -0.487179 -inf
38.692308 -0.384615 -inf
38.692308 -0.282051 -inf
38.692308 -0.179487 -inf
38.692308 -0.076923 -inf
38.692308 0.025641 -inf
38.692308 0.128205 -inf
38.692308 0.230769 -inf
38.692308 0.333333 -inf
38.692308 0.435897 -inf
38.692308 0.538462 -inf
38.692308 0.641026 -inf
38.692308 0.743590 -inf
38.692308 0.846154 -inf
38.692308 0.948718 -inf
38.692308 1.051282 -inf
38.692308 1.153846 -inf
38.692308 1.256410 -inf
38.692308 1.358974 -inf
38.692308 1.461538 -inf
38.692308 1.564103 -inf
38.692308 1.666667 -inf
38.692308 1.769231 -inf
38.692308 1.871795 -inf
38.692308 1.974359 -inf
38.692308 2.076923 -inf
38.692308 2.179487 -inf
38.692308 2.282051 -inf
38.692308 2.384615 -inf
38.692308 2.487179 -inf
38.692308 2.589744 -inf
38.692308 2.692308 -inf
38.692308 2.794872 -inf
38.692308 2.897436 -inf
38.692308 3.000000 -inf
39.948718 -1.000000 -inf
39.948718 -0.897436 -inf
39.948718 -0.794872 -inf
39.948718 -0.692308 -inf
39.948718 -0.589744 -inf
39.948718 -0.487179 -inf
39.948718 -0.384615 -inf
39.948718 -0.282051 -inf
39.948718 -0.179487 -inf
39.948718 -0.076923 -inf
39.948718 0.025641 -inf
39.948718 0.128205 -inf
39.948718 0.230769 -inf
39.948718 0.333333 -inf
39.948718 0.435897 -inf
39.948718 0.538462 -inf
39.948718 0.641026 -inf
39.948718 0.743590 -inf
39.948718 0.846154 -inf
39.948718 0.948718 -inf
39.948718 1.051282 -inf
39.948718 1.153846 -inf
39.948718 1.256410 -inf
39.948718 1.358974 -inf
39.948718 1.461538 -inf
39.948718 1.564103 -inf
39.948718 1.666667 -inf
39.948718 1.769231 -inf
39.948718 1.871795 -inf
39.948718 1.974359 -inf
39.948718 2.076923 -inf
39.948718 2.179487 -inf
39.948718 2.282051 -inf
39.948718 2.384615 -inf
39.948718 2.487179 -inf
39.948718 2.589744 -inf
39.948718 2.692308 -inf
39.948718 2.794872 -inf
39.948718 2.897436 -inf
39.948718 3.000000 -inf
41.205128 -1.000000 -inf
41.205128 -0.897436 -inf
41.205128 -0.794872 -inf
41.205128 -0.692308 -inf
41.205128 -0.589744 -inf
41.205128 -0.487179 -inf
41.205128 -0.384615 -inf
41.205128 -0.282051 -inf
41.205128 -0.179487 -inf
41.205128 -0.076923 -inf
41.205128 0.025641 -inf
41.205128 0.128205 -inf
41.205128 0.230769 -inf
41.205128 0.333333 -inf
41.205128 0.435897 -inf
41.205128 0.538462 -inf
41.205128 0.641026 -inf
41.205128 0.743590 -inf
41.205128 0.846154 -inf
41.205128 0.948718 -inf
41.205128 1.051282 -inf
41.205128 1.153846 -inf
41.205128 1.256410 -inf
41.205128 1.358974 -inf
41.205128 1.461538 -inf
41.205128 1.564103 -inf
41.205128 1.666667 -inf
41.205128 1.769231 -inf
41.205128 1.871795 -inf
41.205128 1.974359 -inf
41.205128 2.076923 -inf
41.205128 2.179487 -inf
41.205128 2.282051 -inf
41.205128 2.384615 -inf
41.205128 2.487179 -inf
41.205128 2.589744 -inf
41.205128 2.692308 -inf
41.205128 2.794872 -inf
41.205128 2.897436 -inf
41.205128 3.000000 -inf
42.461538 -1.000000 -inf
42.461538 -0.897436 -inf
42.461538 -0.794872 -inf
42.461538 -0.692308 -inf
42.461538 -0.589744 -inf
42.461538 -0.487179 -inf
42.461538 -0.384615 -inf
42.461538 -0.282051 -inf
42.461538 -0.179487 -inf
42.461538 -0.076923 -inf
42.461538 0.025641 -inf
42.461538 0.128205 -inf
42.461538 0.230769 -inf
42.461538 0.333333 -inf
42.461538 0.435897 -inf
42.461538 0.538462 -inf
42.461538 0.641026 -inf
42.461538 0.743590 -inf
42.461538 0.846154 -inf
42.461538 0.948718 -inf
42.461538 1.051282 -inf
42.461538 1.153846 -inf
42.461538 1.256410 -inf
42.461538 1.358974 -inf
42.461538 1.461538 -inf
42.461538 1.564103 -inf
42.461538 1.666667 -inf
42.461538 1.769231 -inf
42.461538 1.871795 -inf
42.461538 1.974359 -inf
42.461538 2.076923 -inf
42.461538 2.179487 -inf
42.461538 2.282051 -inf
42.461538 2.384615 -inf
42.461538 2.487179 -inf
42.461538 2.589744 -inf
42.461538 2.692308 -inf
42.461538 2.794872 -inf
42.461538 2.897436 -inf
42.461538 3.000000 -inf
43.717949 -1.000000 -inf
43.717949 -0.897436 -inf
43.717949 -0.794872 -inf
43.717949 -0.692308 -inf
43.717949 -0.589744 -inf
43.717949 -0.487179 -inf
43.717949 -0.384615 -inf
43.717949 -0.282051 -inf
43.717949 -0.179487 -inf
43.717949 -0.076923 -inf
43.717949 0.025641 -inf
43.717949 0.128205 -inf
43.717949 0.230769 -inf
43.717949 0.333333 -inf
43.717949 0.435897 -inf
43.717949 0.538462 -inf
43.717949 0.641026 -inf
43.717949 0.743590 -inf
43.717949 0.846154 -inf
43.717949 0.948718 -inf
43.717949 1.051282 -inf
43.717949 1.153846 -inf
43.717949 1.256410 -inf
43.717949 1.358974 -inf
43.717949 1.461538 -inf
43.717949 1.564103 -inf
43.717949 1.666667 -inf
43.717949 1.769231 -inf
43.717949 1.871795 -inf
43.717949 1.974359 -inf
43.717949 2.076923 -inf
43.717949 2.179487 -inf
43.717949 2.282051 -inf
43.717949 2.384615 -inf
43.717949 2.487179 -inf
43.717949 2.589744 -inf
43.717949 2.692308 -inf
43.717949 2.794872 -inf
43.717949 2.897436 -inf
43.717949 3.000000 -inf
44.974359 -1.000000 -inf
44.974359 -0.897436 -inf
44.974359 -0.794872 -inf
44.974359 -0.692308 -inf
44.974359 -0.589744 -inf
44.974359 -0.487179 -inf
44.974359 -0.384615 -inf
44.974359 -0.282051 -inf
44.974359 -0.179487 -inf
44.974359 -0.076923 -inf
44.974359 0.025641 -inf
44.974359 0.128205 -inf
44.974359 0.230769 -inf
44.974359 0.333333 -inf
44.974359 0.435897 -inf
44.974359 0.538462 -inf
44.974359 0.641026 -inf
44.974359 0.743590 -inf
44.974359 0.846154 -inf
44.974359 0.948718 -inf
44.974359 1.051282 -inf
44.974359 1.153846 -inf
44.974359 1.256410 -inf
44.974359 1.358974 -inf
44.974359 1.461538 -inf
44.974359 1.564103 -inf
44.974359 1.666667 -inf
44.974359 1.769231 -inf
44.974359 1.871795 -inf
44.974359 1.974359 -inf
44.974359 2.076923 -inf
44.974359 2.179487 -inf
44.974359 2.282051 -inf
44.974359 2.384615 -inf
44.974359 2.487179 -inf
44.974359 2.589744 -inf
44.974359 2.692308 -inf
44.974359 2.794872 -inf
44.974359 2.897436 -inf
44.974359 3.000000 -inf
46.230769 -1.000000 -inf
46.230769 -0.897436 -inf
46.230769 -0.794872 -inf
46.230769 -0.692308 -inf
46.230769 -0.589744 -inf
46.230769 -0.487179 -inf
46.230769 -0.384615 -inf
46.230769 -0.282051 -inf
46.230769 -0.179487 -inf
46.230769 -0.076923 -inf
46.230769 0.025641 -inf
46.230769 0.128205 -inf
46.230769 0.230769 -inf
46.230769 0.333333 -inf
46.230769 0.435897 -inf
46.230769 0.538462 -inf
46.230769 0.641026 -inf
46.230769 0.743590 -inf
46.230769 0.846154 -inf
46.230769 0.948718 -inf
46.230769 1.051282 -inf
46.230769 1.153846 -inf
46.230769 1.256410 -inf
46.230769 1.358974 -inf
46.230769 1.461538 -inf
46.230769 1.564103 -inf
46.230769 1.666667 -inf
46.230769 1.769231 -inf
46.230769 1.871795 -inf
46.230769 1.974359 -inf
46.230769 2.076923 -inf
46.230769 2.179487 -inf
46.230769 2.282051 -inf
46.230769 2.384615 -inf
46.230769 2.487179 -inf
46.230769 2.589744 -inf
46.230769 2.692308 -inf
46.230769 2.794872 -inf
46.230769 2.897436 -inf
46.230769 3.000000 -inf
47.487179 -1.000000 -inf
47.487179 -0.897436 -inf
47.487179 -0.794872 -inf
47.487179 -0.692308 -inf
47.487179 -0.589744 -inf
47.487179 -0.487179 -inf
47.487179 -0.384615 -inf
47.487179 -0.282051 -inf
47.487179 -0.179487 -inf
47.487179 -0.076923 -inf
47.487179 0.025641 -inf
47.487179 0.128205 -inf
47.487179 0.230769 -inf
47.487179 0.333333 -inf
47.487179 0.435897 -inf
47.487179 0.538462 -inf
47.487179 0.641026 -inf
47.487179 0.743590 -inf
47.487179 0.846154 -inf
47.487179 0.948718 -inf
47.487179 1.051282 -inf
47.487179 1.153846 -inf
47.487179 1.256410 -inf
47.487179 1.358974 -inf
47.487179 1.461538 -inf
47.487179 1.564103 -inf
47.487179 1.666667 -inf
47.487179 1.769231 -inf
47.487179 1.871795 -inf
47.487179 1.974359 -inf
47.487179 2.076923 -inf
47.487179 2.179487 -inf
47.487179 2.282051 -inf
47.487179 2.384615 -inf
47.487179 2.487179 -inf
47.487179 2.589744 -inf
47.487179 2.692308 -inf
47.487179 2.794872 -inf
47.487179 2.897436 -inf
47.487179 3.000000 -inf
48.743590 -1.000000 -inf
48.743590 -0.897436 -inf
48.743590 -0.794872 -inf
48.743590 -0.692308 -inf
48.743590 -0.589744 -inf
48.743590 -0.487179 -inf
48.743590 -0.384615 -inf
48.743590 -0.282051 -inf
48.743590 -0.179487 -inf
48.743590 -0.076923 -inf
48.743590 0.025641 -inf
48.743590 0.128205 -inf
48.743590 0.230769 -inf
48.743590 0.333333 -inf
48.743590 0.435897 -inf
48.743590 0.538462 -inf
48.743590 0.641026 -inf
48.743590 0.743590 -inf
48.743590 0.846154 -inf
48.743590 0.948718 -inf
48.743590 1.051282 -inf
48.743590 1.153846 -inf
48.743590 1.256410 -inf
48.743590 1.358974 -inf
48.743590 1.461538 -inf
48.743590 1.564103 -inf
48.743590 1.666667 -inf
48.743590 1.769231 -inf
48.743590 1.871795 -inf
48.743590 1.974359 -inf
48.743590 2.076923 -inf
48.743590 2.179487 -inf
48.743590 2.282051 -inf
48.743590 2.384615 -inf
48.743590 2.487179 -inf
48.743590 2.589744 -inf
48.743590 2.692308 -inf
48.743590 2.794872 -inf
48.743590 2.897436 -inf
48.743590 3.000000 -inf
50.000000 -1.000000 -inf
50.000000 -0.897436 -inf
50.000000 -0.794872 -inf
50.000000 -0.692308 -inf
50.000000 -0.589744 -inf
50.000000 -0.487179 -inf
50.000000 -0.384615 -inf
50.000000 -0.282051 -inf
50.000000 -0.179487 -inf
50.000000 -0.076923 -inf
50.000000 0.025641 -inf
50.000000 0.128205 -inf
50.000000 0.230769 -inf
50.000000 0.333333 -inf
50.000000 0.435897 -inf
50.000000 0.538462 -inf
50.000000 0.641026 -inf
50.000000 0.743590 -inf
50.000000 0.846154 -inf
50.000000 0.948718 -inf
50.000000 1.051282 -inf
50.000000 1.153846 -inf
50.000000 1.256410 -inf
50.000000 1.358974 -inf
50.000000 1.461538 -inf
50.000000 1.564103 -inf
50.000000 1.666667 -inf
50.000000 1.769231 -inf
50.000000 1.871795 -inf
50.000000 1.974359 -inf
50.000000 2.076923 -inf
50.000000 2.179487 -inf
50.000000 2.282051 -inf
50.000000 2.384615 -inf
50.000000 2.487179 -inf
50.000000 2.589744 -inf
50.000000 2.692308 -inf
50.000000 2.794872 -inf
50.000000 2.897436 -inf
50.000000 3.000000 -inf
